
// Grip response protocol

// Byte 25: Response command

Read report responses:

main: diff=     16.00  (n= 64): 81 92 00 92 00 31 00 00 64 13 30 98 91 00 80 00 68 87 8a 00 00 00 c0 46 fd 0d 00 bd 0f f5 ff 04 00 fe ff 49 fd 0b 00 bc 0f f5 ff 04 00 fe ff 48 fd 0d 00 c0 0f f5 ff 04 00 fe ff 00 00 00 00 00 
main: diff=     16.00  (n= 64): 00 00 00 00 00 00 00 00 00 00 30 9b 91 00 80 00 67 77 8a 00 00 00 c0 42 fd 10 00 c3 0f f4 ff 02 00 fe ff 3f fd 0e 00 bf 0f f5 ff 03 00 fe ff 43 fd 0e 00 bd 0f f6 ff 03 00 fe ff 00 00 00 00 00 00 00 00 00 00 00 00 00 00 00 


81 92 00 92 00 31 00 00 64 13 30 98 91 00 80 00 68 87 8a 00 00 00 c0 46 fd 0d 00 bd 0f f5 ff 04 00 fe ff 49 fd 0b 00 bc 0f f5 ff 04 00 fe ff 48 fd 0d 00 c0 0f f5 ff 04 00 fe ff 00 00 00 00 00 

81 92 00 92 00 31 00 00 da 19 21 b4 81 00 80 00 00 00 00 5e 28 6d 04 90 10 02 60 00 00 0e 58 43 57 31 30 31 36 39 39 30 33 33 38 38 00 00 00 00 00 00 00 00 00 00 00 00 00 00 00 00 00 00 00 00 
81 92 00 92 00 31 00 00 45 a8 21 e2 81 00 80 00 00 00 00 5f 38 6d 04 80 40 00 00 00 00 00 00 00 00 00 00 00 00 00 00 00 00 00 00 00 00 00 00 00 00 00 00 00 00 00 00 00 00 00 00 00 00 00 00 00 
81 92 00 92 00 31 00 00 3d 22 21 f3 81 00 80 00 00 00 00 5e 28 6d 04 82 02 03 91 02 02 98 41 5c 5c 1c 51 03 01 00 00 00 00 00 00 00 00 00 00 00 00 00 00 00 00 00 00 00 00 00 00 00 00 00 00 00 
01 02 03 04 05 06 07 08 09 10 11 12 13 14 15 16 17 18 19 20 21 22 23 24 25
